[gd_scene load_steps=7 format=3 uid="uid://dl7bwf37n8bk5"]

[ext_resource type="PackedScene" uid="uid://ci3k23agf4oer" path="res://scene/component/rover/Rover.tscn" id="1_buhsa"]
[ext_resource type="PackedScene" uid="uid://cfshw6jnqquv6" path="res://script/mini-game/mini-game-01/MiniGame01.tscn" id="2_d12ow"]
[ext_resource type="PackedScene" uid="uid://baodpi86kjwa1" path="res://script/mini-game/mini-game-02/MiniGame02.tscn" id="3_aan8h"]
[ext_resource type="PackedScene" uid="uid://be6nrf0b8j4l0" path="res://resource/mesh/RockA.tscn" id="4_1ifig"]
[ext_resource type="PackedScene" uid="uid://bwvtgwartxt0g" path="res://resource/mesh/RockB.tscn" id="5_tjjfg"]
[ext_resource type="PackedScene" uid="uid://lsvs8a7urkca" path="res://resource/mesh/RockC.tscn" id="6_0gss0"]

[node name="Level 2" type="Node3D"]

[node name="Rover" parent="." instance=ExtResource("1_buhsa")]
transform = Transform3D(-0.9990934, -0.016344186, 0.039310805, -0.030188745, 0.9230574, -0.38347614, -0.030018518, -0.3843152, -0.9227139, 151.08855, -24.770435, 289.37454)
mini_games = Array[PackedScene]([ExtResource("2_d12ow")])
rover_name = "Rover 3784"

[node name="Rover2" parent="." instance=ExtResource("1_buhsa")]
transform = Transform3D(-0.9648801, 0.07756655, -0.25097764, 0.18607886, 0.8761969, -0.4445823, 0.18542115, -0.47567016, -0.8598586, -125.84636, -18.675232, 202.74292)
mini_games = Array[PackedScene]([ExtResource("3_aan8h")])
rover_name = "Rover 8950"

[node name="RockA" parent="." instance=ExtResource("4_1ifig")]
transform = Transform3D(1, 0, 0, 0, 1, 0, 0, 0, 1, -123.234, -16.23, 212.6713)

[node name="RockB" parent="." instance=ExtResource("5_tjjfg")]
transform = Transform3D(1, 0, 0, 0, 1, 0, 0, 0, 1, -127.98205, -12.694113, 209.04721)

[node name="RockB2" parent="." instance=ExtResource("5_tjjfg")]
transform = Transform3D(0.44803816, 0.65458834, 0.6089137, -0.8252121, 0.564823, 0, -0.34392846, -0.502483, 0.79323643, -125.2093, -15.6522255, 211.39304)

[node name="RockC" parent="." instance=ExtResource("6_0gss0")]
transform = Transform3D(1, 0, 0, 0, 1, 0, 0, 0, 1, -124.35379, -14.159489, 208.79979)

[node name="RockB3" parent="." instance=ExtResource("5_tjjfg")]
transform = Transform3D(-0.7830881, 0.57872593, 0.2277051, 0.10793508, 0.48705202, -0.86667776, -0.61247313, -0.6541077, -0.44386944, -119.55759, -10.779699, 209.90282)

[node name="Rover3" parent="." instance=ExtResource("1_buhsa")]
transform = Transform3D(0.8978671, -0.3884325, 0.20725591, 0.37848008, 0.9214772, 0.08736509, -0.22491704, 0, 0.97437793, -141.61098, -54.178413, 33.717136)
mini_games = Array[PackedScene]([ExtResource("3_aan8h")])
rover_name = "Rover 2749"

[node name="RockB4" parent="." instance=ExtResource("5_tjjfg")]
transform = Transform3D(1, 0, 0, 0, 1, 0, 0, 0, 1, -115.199394, -38.110935, 160.27469)

[node name="RockC2" parent="." instance=ExtResource("6_0gss0")]
transform = Transform3D(0.8325831, 0, 0.5539003, -0.44647256, 0.5918444, 0.67110544, -0.32782277, -0.8060524, 0.49275962, -115.39517, -30.517685, 162.63847)

[node name="RockB5" parent="." instance=ExtResource("5_tjjfg")]
transform = Transform3D(1, 0, 0, 0, 1, 0, 0, 0, 1, -116.431816, -31.07771, 160.07489)

[node name="RockA2" parent="." instance=ExtResource("4_1ifig")]
transform = Transform3D(1, 0, 0, 0, 1, 0, 0, 0, 1, -118.884964, -35.567284, 159.61333)
